#unit:1/cm
40.74   0.0329
62.95   0.043
84.25   0.0646
97.86   0.0516
115.53   0.0661
128.21   0.0877
145.44   0.0906
156.33   0.0747
164.97   0.0444
175.88   0.0184
183.14   0.0025
208.08   0.0068
217.58   0.0328
230.25   0.0588
241.12   0.0732
246.13   0.053
257.03   0.0241
272.92   0.0082
282.42   0.0255
296.94   0.0226
306.02   0.0053
316.9   0.0082
327.3   0.037
341.36   0.037
358.59   0.037
373.12   0.0153
400.77   0.0211
405.78   0.0
500.09   0.0
510.9   0.0831
522.16   0.1784
530.34   0.1538
539.43   0.1365
544.86   0.1509
551.63   0.1784
556.6   0.2015
565.67   0.2058
570.24   0.1538
574.81   0.1148
575.75   0.0773
580.3   0.0513
583.06   0.0
624.78   0.0
634.74   0.0209
647.42   0.0469
654.67   0.0512
660.59   0.018
668.31   0.0
780.31   0.0
785.72   0.0309
792.81   0.233
796.99   0.6677
797.6   0.4771
799.57   0.8409
805.85   0.9189
811.34   0.8655
817.26   0.8337
826.72   0.9059
833.43   1.0156
837.5   1.03
848.87   0.9911
858.84   0.9954
866.4   1.1686
866.49   1.0618
872.24   1.2452
880.79   1.3174
888.54   1.2654
892.22   1.2105
898.56   1.2177
902.11   1.313
905.14   1.4776
911.51   1.4617
914.87   1.2278
917.84   0.926
920.93   0.4726
925.58   0.334
929.28   0.2459
931.67   0.1001
935.8   0.0409
940.36   0.0
1148.94   0.0
1151.62   0.0552
1152.41   0.201
1152.48   0.1129
1158.95   0.5143
1159.14   0.2819
1159.45   0.4609
1164.54   0.8854
1169.53   0.8767
1176.65   0.4941
1181.38   0.2501
1186.91   0.1461
1191.34   0.2732
1193.43   0.484
1197.83   0.6544
1199.93   0.8507
1201.11   1.0803
1205.95   1.2608
1211.84   1.2651
1215.72   0.9532
1221.32   0.7641
1223.82   0.4811
1225.69   0.4031
1229.02   0.2197
1229.08   0.1461
1235.03   0.0811
1236.87   0.0435
1240.98   0.006
1246.89   0.0
1259.52   0.0782
1260.35   0.1706
1265.24   0.2818
1268.73   0.4493
1269.24   0.3843
1277.33   0.4752
1282.34   0.4478
1285.56   0.3857
1291.52   0.3049
1297.46   0.2572
1302.02   0.2168
1306.14   0.1792
1314.3   0.1778
1321.05   0.2413
1326.06   0.2081
1330.65   0.1474
1336.11   0.1142
1342   0.12
1349.21   0.1806
1356.87   0.2341
1370.02   0.2427
1382.24   0.2644
1401.73   0.2687
1410.32   0.3077
1415.23   0.4029
1415.27   0.3539
1421.06   0.4751
1425.09   0.5372
1426.38   0.6195
1432.24   0.6643
1437.28   0.6022
1438.25   0.5257
1443.33   0.4203
1447.9   0.3726
1452.9   0.3582
1456.44   0.4664
1459.56   0.5329
1465.85   0.5993
1470.4   0.5805
1477.3   0.4563
1480.54   0.3841
1483.78   0.3018
1488.4   0.1979
1494.36   0.117
1502.55   0.0794
1515.28   0.039
1523.45   0.0318
1532.49   0.0693
1538.39   0.0621
1541.13   0.0375
1546.59   0.0159
1552.49   0.0
2879.21   0.0
2884.64   0.0279
2891.28   0.2213
2898.36   0.9852
2902.29   1.17
2906.35   1.196
2911.41   1.0992
2915.95   0.5447
2918.45   0.2617
2923.15   0.0596
2926.8   0.035
2930.91   0.0033
2939.51   0.0134
2944.42   0.1072
2949.36   0.1722
2952.84   0.3455
2955.85   0.5519
2959.37   0.6819
2963.76   0.858
2968.25   0.9129
2972.78   0.9143
2980.19   0.7223
2983.03   0.5822
2985.39   0.4711
2986.85   0.3411
2992.78   0.305
2999.1   0.3411
3001.32   0.3974
3007.18   0.4306
3016.3   0.3786
3024.95   0.3252
3029.96   0.3064
3039.47   0.3194
3041.24   0.3671
3044.29   0.5273
3048.16   0.7815
3050.3   0.9345
3054.72   1.0746
3056.97   1.089
3063.39   1.011
3067.67   0.7598
3074.2   0.5432
3078.39   0.4147
3082.09   0.3208
3090.3   0.2602
3103.94   0.2111
3106.23   0.1923
3115.74   0.2067
3119.39   0.1793
3124.85   0.1547
3128.94   0.1417
3140.69   0.1894
3152.42   0.263
3161.43   0.3352
3171.36   0.3886
3182.7   0.3886
3196.77   0.3655
3209.96   0.3149
3214.11   0.2297
3219.64   0.1229
3224.69   0.0536
3233.79   0.0
