#unit:1/cm
21.26    0.0797
30.99    0.1664
40    0.253
50.45    0.3619
60.54    0.6346
68.47    0.8792
71.35    0.96
74.59    1.077
79.28    1.1133
85.77    1.1321
94.05    1.1474
97.66    1.179
101.26    1.2305
103.06    1.3159
107.03    1.3604
112.43    1.419
118.92    1.5489
123.6    1.6624
128.65    1.7139
133.33    1.769
138.74    1.7877
145.23    1.7632
154.95    1.72
158.92    1.5409
162.88    1.3128
166.13    1.0121
170.09    0.7336
172.61    0.4691
174.41    0.2983
178.38    0.2328
182.7    0.1919
189.55    0.1908
194.23    0.2235
198.56    0.2657
205.05    0.3055
210.45    0.4097
214.77    0.5677
219.82    0.7046
225.95    0.8393
230.99    0.9235
236.04    0.9528
241.08    0.9201
243.6    0.8405
247.57    0.7563
252.61    0.5644
256.94    0.4369
261.98    0.3422
267.39    0.3188
273.15    0.3329
280.36    0.3446
284.32    0.2873
290.45    0.1984
294.77    0.1235
299.82    0.0885
305.95    0.0897
313.87    0.1412
320.72    0.1881
324.68    0.2466
331.53    0.2806
339.46    0.2912
344.86    0.2959
352.07    0.3334
355.68    0.3498
359.64    0.2819
363.24    0.2024
366.13    0.1661
373.69    0.1486
378.74    0.1662
385.95    0.1803
393.87    0.1476
398.92    0.0891
402.52    0.0481
407.93    0.0
495.86    0.0
501.26    0.1435
506.67    0.394
509.91    0.6585
511.71    0.9335
515.32    1.1137
519.64    1.1886
523.6    1.1933
527.21    0.9511
527.93    0.9043
532.25    0.8622
538.38    0.8131
543.06    0.8834
546.67    1.0297
547.03    1.2134
553.51    1.286
554.59    1.4627
561.08    1.5727
565.05    1.5248
566.85    1.3013
570.45    1.0602
572.97    0.7291
576.22    0.4026
579.82    0.2681
581.62    0.1148
584.86    0.0692
586.31    0.0388
590.63    0.0025
614.05    0.0073
618.74    0.0589
625.23    0.1233
631.71    0.1666
636.4    0.2017
642.52    0.2497
647.57    0.2627
653.33    0.1831
660.18    0.1001
665.23    0.0205
670.99    0.0
790.27    0.0
807.21    0.0179
822.7    0.032
834.95    0.0532
847.93    0.0755
851.53    0.0942
861.98    0.6478
862.34    1.1358
865.23    1.8648
869.91    2.2721
874.23    2.3002
877.48    2.2265
880.72    1.9761
881.8    1.1429
887.21    0.6175
887.93    0.8738
890.81    0.311
894.05    0.16
898.74    0.0969
910.27    0.0864
917.84    0.0467
925.77    0.0
1150.63    0.0
1156.4    0.0575
1160.72    0.1687
1166.85    0.1992
1170.09    0.1653
1174.77    0.115
1177.66    0.0565
1179.82    0.0284
1183.42    0.0156
1187.03    0.0402
1190.99    0.1046
1195.68    0.1736
1199.28    0.2357
1202.52    0.2661
1207.21    0.279
1212.25    0.2603
1216.58    0.1937
1220.54    0.1223
1225.59    0.0662
1228.47    0.0322
1232.07    0.0194
1241.08    0.0113
1252.25    0.0265
1257.66    0.0652
1263.78    0.1261
1268.11    0.1881
1273.15    0.2174
1277.48    0.2338
1281.08    0.2221
1284.32    0.1988
1289.73    0.1567
1294.41    0.1157
1300.54    0.0912
1305.23    0.0725
1309.19    0.0678
1314.23    0.0796
1319.64    0.0808
1323.24    0.0668
1328.29    0.0375
1335.5    0.0189
1343.06    0.0107
1349.91    0.0248
1362.52    0.0331
1375.14    0.0285
1386.67    0.0356
1398.2    0.0626
1411.89    0.0919
1423.78    0.1341
1430.63    0.1505
1436.04    0.14
1441.08    0.1202
1447.21    0.0956
1454.41    0.1179
1461.26    0.1472
1469.19    0.1625
1477.84    0.1274
1485.77    0.0842
1492.97    0.0456
1501.98    0.0421
1510.27    0.0469
1514.59    0.0258
1519.64    0.0188
1525.05    0.0423
1533.33    0.0646
1539.46    0.0389
1549.55    0.0
2889.73    0.0
2896.94    0.0508
2901.26    0.0731
2907.75    0.0919
2913.51    0.065
2918.56    0.0334
2931.89    0.0206
2947.03    0.0219
2955.68    0.0407
2963.96    0.0665
2971.17    0.0782
2977.66    0.0595
2987.03    0.035
3007.21    0.034
3041.08    0.0342
3048.29    0.0518
3053.33    0.0729
3060.54    0.0799
3068.83    0.0589
3078.2    0.0333
3112.43    0.0206
3153.87    0.0279
3167.93    0.0432
3179.82    0.0444
3207.93    0.0376
3230.63    0.0178
3237.0     0.0
